0
45
8000
8000
8000
8000
8000
8000
8000
8000
8000
400
8000
400
8000
8000
8000
8000
150
45
0
70
8000
8000
8000
8000
8000
8000
8000
8000
8000
8000
8000
8000
8000
8000
8000
8000
8000
70
0
40
8000
8000
8000
8000
8000
8000
8000
8000
8000
8000
8000
8000
8000
8000
8000
8000
8000
40
0
50
8000
8000
8000
8000
8000
8000
8000
8000
8000
8000
8000
8000
8000
8000
8000
8000
8000
50
0
40
8000
8000
8000
8000
8000
8000
8000
8000
8000
8000
8000
8000
8000
8000
8000
8000
8000
40
0
350
8000
8000
8000
8000
8000
8000
8000
8000
8000
8000
8000
8000
8000
8000
8000
8000
8000
350
0
30
8000
8000
36
8000
8000
8000
8000
8000
8000
8000
8000
8000
8000
8000
8000
8000
8000
30
0
38
34
8000
8000
8000
8000
8000
8000
8000
8000
8000
8000
8000
8000
8000
8000
8000
8000
38
0
8000
8000
8000
8000
8000
22
8000
8000
8000
8000
8000
8000
8000
8000
8000
8000
8000
34
8000
0
15
8000
8000
8000
22
18
8000
8000
8000
8000
8000
8000
8000
8000
8000
36
8000
8000
15
0
34
8000
15
8000
8000
18
8000
8000
400
8000
8000
8000
8000
8000
8000
8000
8000
8000
8000
0
34
8000
8000
8000
8000
8000
8000
8000
8000
8000
8000
8000
8000
8000
8000
8000
8000
8000
34
0
35
24
36
8000
8000
8000
8000
8000
8000
8000
8000
8000
8000
8000
8000
8000
15
8000
35
0
8000
8000
8000
8000
8000
8000
8000
8000
8000
8000
8000
8000
8000
22
8000
8000
8000
24
8000
0
8000
8000
8000
8000
8000
8000
8000
8000
8000
8000
8000
8000
8000
8000
8000
8000
36
8000
8000
0
8000
8000
40
8000
8000
8000
8000
8000
8000
8000
8000
8000
8000
18
8000
8000
8000
8000
8000
0
95
8000
210
8000
8000
8000
8000
8000
8000
8000
8000
8000
8000
8000
8000
8000
8000
8000
95
0
45
150
8000
8000
8000
8000
8000
8000
8000
8000
8000
8000
8000
8000
8000
8000
8000
8000
45
0
